,PA,CFP,CS,CA,O,OT,A,AT,AO,AOT
PA,0,0,0,0,0,0,0,0,0,0
CFP,0,32,15,18,21,20,20,20,20,20
CS,0,15,16,12,14,14,14,14,14,14
CA,0,18,12,18,14,14,15,14,14,14
O,0,21,14,14,25,22,18,22,20,22
OT,0,20,14,14,22,22,18,22,20,22
A,0,20,14,15,18,18,20,18,18,18
AT,0,20,14,14,22,22,18,22,20,22
AO,0,20,14,14,20,20,18,20,20,20
AOT,0,20,14,14,22,22,18,22,20,23
