,PA,CFP,CS,CA,O,OT,A,AT,AO,AOT
PA,0,0,0,0,0,0,0,0,0,0
CFP,0,62,49,38,52,55,31,46,49,50
CS,0,49,66,36,50,52,31,46,49,51
CA,0,38,36,41,40,41,29,38,41,41
O,0,52,50,40,61,56,31,51,55,55
OT,0,55,52,41,56,65,33,51,57,58
A,0,31,31,29,31,33,33,33,32,33
AT,0,46,46,38,51,51,33,57,52,54
AO,0,49,49,41,55,57,32,52,59,59
AOT,0,50,51,41,55,58,33,54,59,62
